0000 0b0d 0000 10e5 0000 0011 0000 1000
0000 0000 352e 352e 3166 3100 feff ffff
0103 0000 0004 0400 0000 ffff c830 0105
c5f2 c3f4 4c2e 1160 3f5e d908 3000 0000
4401 0000 0200 0000 0000 0000 3700 0080
ffff ffff 0000 0000 0080 0000 0100 0100
a603 0080 b201 0080 0400 0000 0100 0000
0100 0000 0100 0100 d000 0080 0e00 0000
1000 0000 0200 0000 0000 0000 0100 0200
a603 0080 1300 0000 0400 0000 0300 0000
0000 0000 0100 0200 a603 0080 1b00 0000
0400 0000 0400 0000 0000 0000 0100 0200
a603 0080 2300 0000 0400 0000 0500 0000
0000 0000 0100 0200 a603 0080 2b00 0000
0400 0000 0600 0000 0000 0000 0100 0100
4803 0080 3300 0000 ffff ffff 0700 0000
0080 0000 0100 0201 3100 0080 3100 0080
ffff ffff 0800 0000 0140 0000 0100 0300
de00 0080 1b03 0080 0400 0000 0900 0000
0100 0000 0100 0300 5100 0080 6a00 0080
0100 0000 0a00 0000 0100 0000 0100 0100
9903 0080 3c00 0000 0800 0000 0b00 0000
0000 0000 0100 0100 a603 0080 4800 0000
0400 0000 0c00 0000 0000 0000 0100 0100
4803 0080 5a00 0000 ffff ffff 0d00 0000
0080 0000 0100 0201 3100 0080 3100 0080
ffff ffff 0e00 0000 0140 0000 0100 0300
de00 0080 1b03 0080 0400 0000 0f00 0000
0100 0000 0100 0300 5100 0080 6a00 0080
0100 0000 1000 0000 0100 0000 0100 0100
d000 0080 6700 0000 1000 0000 1100 0000
0000 0000 0100 0200 a603 0080 1300 0000
0400 0000 1200 0000 0000 0000 0100 0200
a603 0080 1b00 0000 0400 0000 1300 0000
0000 0000 0100 0200 a603 0080 2300 0000
0400 0000 1400 0000 0000 0000 0100 0200
a603 0080 2b00 0000 0400 0000 1500 0000
0000 0000 0100 0100 7600 0000 7e00 0000
1000 0000 1600 0000 0000 0000 0100 0200
a003 0080 8d00 0000 0100 0000 1700 0000
0000 0000 0100 0200 a003 0080 9600 0000
0100 0000 1800 0000 0000 0000 0100 0200
a003 0080 9f00 0000 0100 0000 1900 0000
0000 0000 0100 0200 a003 0080 a800 0000
0100 0000 1a00 0000 0000 0000 0100 0200
a003 0080 b100 0000 0100 0000 1b00 0000
0000 0000 0100 0200 a003 0080 ba00 0000
0100 0000 1c00 0000 0000 0000 0100 0200
a003 0080 c300 0000 0100 0000 1d00 0000
0000 0000 0100 0200 a003 0080 cc00 0000
0100 0000 1e00 0000 0000 0000 0100 0200
a003 0080 d500 0000 0100 0000 1f00 0000
0000 0000 0100 0200 a003 0080 de00 0000
0100 0000 2000 0000 0000 0000 0100 0200
a003 0080 e700 0000 0100 0000 2100 0000
0000 0000 0100 0200 a003 0080 f100 0000
0100 0000 2200 0000 0000 0000 0100 0200
a003 0080 fb00 0000 0100 0000 2300 0000
0000 0000 0100 0200 a003 0080 0501 0000
0100 0000 2400 0000 0000 0000 0100 0200
a003 0080 0f01 0000 0100 0000 2500 0000
0000 0000 0100 0200 a003 0080 1901 0000
0100 0000 2600 0000 0000 0000 0100 0100
d503 0080 2301 0000 ffff ffff 2700 0000
0080 0000 0100 0201 3100 0080 3100 0080
ffff ffff 2800 0000 0080 0000 0100 0300
de00 0080 1b03 0080 0400 0000 2900 0000
0000 0000 0100 0300 4803 0080 6a00 0080
ffff ffff 2a00 0000 0080 0000 0100 0401
3100 0080 3100 0080 ffff ffff 2b00 0000
0140 0000 0100 0500 de00 0080 1b03 0080
0400 0000 2c00 0000 0100 0000 0100 0500
5100 0080 6a00 0080 0100 0000 2d00 0000
0100 0000 0100 0100 9903 0080 2a01 0000
0800 0000 2e00 0000 0000 0000 0100 0100
de00 0080 3801 0000 0400 0000 2f00 0000
0000 0000 4173 7365 744d 6574 6144 6174
6100 6775 6964 0064 6174 615b 305d 0064
6174 615b 315d 0064 6174 615b 325d 0064
6174 615b 335d 0070 6174 684e 616d 6500
7469 6d65 4372 6561 7465 6400 6f72 6967
696e 616c 4368 616e 6765 7365 7400 6f72
6967 696e 616c 4e61 6d65 006f 7269 6769
6e61 6c50 6172 656e 7400 4861 7368 3132
3800 6f72 6967 696e 616c 4469 6765 7374
0062 7974 6573 5b30 5d00 6279 7465 735b
315d 0062 7974 6573 5b32 5d00 6279 7465
735b 335d 0062 7974 6573 5b34 5d00 6279
7465 735b 355d 0062 7974 6573 5b36 5d00
6279 7465 735b 375d 0062 7974 6573 5b38
5d00 6279 7465 735b 395d 0062 7974 6573
5b31 305d 0062 7974 6573 5b31 315d 0062
7974 6573 5b31 325d 0062 7974 6573 5b31
335d 0062 7974 6573 5b31 345d 0062 7974
6573 5b31 355d 006c 6162 656c 7300 6173
7365 7453 746f 7265 5265 6600 6c69 6365
6e73 6554 7970 6500 0e04 0000 00ff fffc
cd9e b5f0 18e7 8d8d ca6e 9a2b 63d6 5618
0000 006f 0000 0001 0000 0000 0000 0037
0000 80ff ffff ff00 0000 0000 8000 0001
0001 00a6 0300 80b2 0100 8004 0000 0001
0000 0001 0000 0001 0001 0015 0000 00d5
0100 800c 0000 0002 0000 0001 0000 0001
0002 00de 0000 802b 0000 0004 0000 0003
0000 0001 0000 0001 0002 002e 0300 8034
0000 0008 0000 0004 0000 0001 0000 0001
0001 0086 0200 80c4 0100 800c 0000 0005
0000 0001 0000 0001 0002 00de 0000 802b
0000 0004 0000 0006 0000 0001 0000 0001
0002 002e 0300 8034 0000 0008 0000 0007
0000 0001 0000 0001 0001 0048 0300 80ab
0100 80ff ffff ff08 0000 0001 c000 0001
0002 0131 0000 8031 0000 80ff ffff ff09
0000 0001 4000 0001 0003 00de 0000 801b
0300 8004 0000 000a 0000 0001 0000 0001
0003 0051 0000 806a 0000 8001 0000 000b
0000 0001 0000 0001 0001 0048 0300 803d
0000 00ff ffff ff0c 0000 0000 8000 0001
0002 0131 0000 8031 0000 80ff ffff ff0d
0000 0001 4000 0001 0003 00de 0000 801b
0300 8004 0000 000e 0000 0001 0000 0001
0003 0051 0000 806a 0000 8001 0000 000f
0000 0001 0000 0001 0001 0048 0300 8048
0000 00ff ffff ff10 0000 0000 8000 0001
0002 0131 0000 8031 0000 80ff ffff ff11
0000 0001 4000 0001 0003 00de 0000 801b
0300 8004 0000 0012 0000 0001 0000 0001
0003 0051 0000 806a 0000 8001 0000 0013
0000 0001 0000 0001 0001 0048 0300 805a
0000 00ff ffff ff14 0000 0000 8000 0001
0002 0131 0000 8031 0000 80ff ffff ff15
0000 0001 4000 0001 0003 00de 0000 801b
0300 8004 0000 0016 0000 0001 0000 0001
0003 0051 0000 806a 0000 8001 0000 0017
0000 0001 0000 004c 6962 7261 7279 4173
7365 7449 6d70 6f72 7465 7200 5050 7472
3c45 6469 746f 7245 7874 656e 7369 6f6e
3e00 6d5f 4669 6c65 4944 006d 5f50 6174
6849 4400 6d5f 5573 6572 4461 7461 006d
5f41 7373 6574 4275 6e64 6c65 4e61 6d65
006d 5f41 7373 6574 4275 6e64 6c65 5661
7269 616e 7400 0504 0000 00ff ff09 218e
c64a 1220 8744 dfa2 8d3d e424 d511 0000
004b 0000 0001 0000 0000 0000 0037 0000
80ff ffff ff00 0000 0000 8000 0001 0001
00a6 0300 80b2 0100 8004 0000 0001 0000
0001 0000 0001 0001 000d 0000 00d5 0100
800c 0000 0002 0000 0001 0000 0001 0002
00de 0000 8023 0000 0004 0000 0003 0000
0001 0000 0001 0002 002e 0300 802c 0000
0008 0000 0004 0000 0001 0000 0001 0001
0086 0200 80c4 0100 800c 0000 0005 0000
0001 0000 0001 0002 00de 0000 8023 0000
0004 0000 0006 0000 0001 0000 0001 0002
002e 0300 802c 0000 0008 0000 0007 0000
0001 0000 0001 0001 0048 0300 80ab 0100
80ff ffff ff08 0000 0001 8000 0001 0002
0131 0000 8031 0000 80ff ffff ff09 0000
0001 4000 0001 0003 00de 0000 801b 0300
8004 0000 000a 0000 0001 0000 0001 0003
0051 0000 806a 0000 8001 0000 000b 0000
0001 0000 0001 0001 0048 0300 8035 0000
00ff ffff ff0c 0000 0001 8000 0001 0002
0131 0000 8031 0000 80ff ffff ff0d 0000
0001 4000 0001 0003 00de 0000 801b 0300
8004 0000 000e 0000 0001 0000 0001 0003
0051 0000 806a 0000 8001 0000 000f 0000
0001 0000 0001 0001 004c 0000 803f 0000
0001 0000 0010 0000 0001 0000 0044 6566
6175 6c74 4173 7365 7400 5050 7472 3c45
6469 746f 7245 7874 656e 7369 6f6e 3e00
6d5f 4669 6c65 4944 006d 5f50 6174 6849
4400 6d5f 4d65 7373 6167 6500 6d5f 4973
5761 726e 696e 6700 0300 0000 0100 0000
0000 0000 0000 0000 7c00 0000 0000 0000
0300 0000 0000 0000 8000 0000 2c00 0000
0100 0000 0500 0000 0000 0000 b000 0000
3500 0000 0200 0000 0000 0000 0000 0000
0000 0000 0000 0000 0000 0000 0000 0000
0000 0000 0000 0000 0000 0000 0000 0000
0000 0000 0000 0000 0000 0000 0000 0000
0000 0000 0000 0000 0000 0000 0000 0000
0000 0000 0000 0000 0000 0000 0000 0000
0000 0000 0000 0000 0000 0000 0000 0000
0000 0000 0000 0000 0000 0000 0000 0000
0000 0000 0000 0000 0000 0000 0000 0000
0000 0000 0000 0000 0000 0000 0000 0000
0000 0000 0000 0000 0000 0000 0000 0000
0000 0000 0000 0000 0000 0000 0000 0000
0000 0000 0000 0000 0000 0000 0000 0000
0000 0000 0000 0000 0000 0000 0000 0000
0000 0000 0000 0000 0000 0000 0000 0000
0000 0000 0000 0000 0000 0000 0000 0000
0000 0000 0000 0000 0000 0000 0000 0000
0000 0000 0000 0000 0000 0000 0000 0000
0000 0000 0000 0000 0000 0000 0000 0000
0000 0000 0000 0000 0000 0000 0000 0000
0000 0000 0000 0000 0000 0000 0000 0000
0000 0000 0000 0000 0000 0000 0000 0000
0000 0000 0000 0000 0000 0000 0000 0000
0000 0000 0000 0000 0000 0000 0000 0000
0000 0000 0000 0000 0000 0000 0000 0000
0000 0000 0000 0000 0000 0000 0000 0000
0000 0000 0000 0000 0000 0000 0000 0000
0000 0000 0000 0000 0000 0000 0000 0000
0000 0000 0000 0000 0000 0000 0000 0000
0000 0000 0000 0000 0000 0000 0000 0000
0000 0000 0000 0000 0000 0000 0000 0000
0000 0000 0000 0000 0000 0000 0000 0000
0000 0000 0000 0000 0000 0000 0000 0000
0000 0000 0000 0000 0000 0000 0000 0000
0000 0000 0000 0000 0000 0000 0000 0000
0000 0000 0000 0000 0000 0000 0000 0000
0000 0000 0000 0000 0000 0000 0000 0000
0000 0000 0000 0000 0000 0000 0000 0000
0000 0000 0000 0000 0000 0000 0000 0000
0000 0000 0000 0000 0000 0000 0000 0000
0000 0000 0000 0000 0000 0000 0000 0000
0000 0000 0000 0000 0000 0000 0000 0000
0000 0000 0000 0000 0000 0000 0000 0000
0000 0000 0000 0000 0000 0000 0000 0000
0000 0000 0000 0000 0000 0000 0000 0000
0000 0000 0000 0000 0000 0000 0000 0000
0000 0000 0000 0000 0000 0000 0000 0000
0000 0000 0000 0000 0000 0000 0000 0000
0000 0000 0000 0000 0000 0000 0000 0000
0000 0000 0000 0000 0000 0000 0000 0000
0000 0000 0000 0000 0000 0000 0000 0000
0000 0000 0000 0000 0000 0000 0000 0000
0000 0000 0000 0000 0000 0000 0000 0000
0000 0000 0000 0000 0000 0000 0000 0000
0000 0000 0000 0000 0000 0000 0000 0000
0000 0000 0000 0000 0000 0000 0000 0000
0000 0000 0000 0000 0000 0000 0000 0000
0000 0000 0000 0000 0000 0000 0000 0000
0000 0000 0000 0000 0000 0000 0000 0000
0000 0000 0000 0000 0000 0000 0000 0000
0000 0000 0000 0000 0000 0000 0000 0000
0000 0000 0000 0000 0000 0000 0000 0000
0000 0000 0000 0000 0000 0000 0000 0000
0000 0000 0000 0000 0000 0000 0000 0000
0000 0000 0000 0000 0000 0000 0000 0000
0000 0000 0000 0000 0000 0000 0000 0000
0000 0000 0000 0000 0000 0000 0000 0000
0000 0000 0000 0000 0000 0000 0000 0000
0000 0000 0000 0000 0000 0000 0000 0000
0000 0000 0000 0000 0000 0000 0000 0000
0000 0000 0000 0000 0000 0000 0000 0000
0000 0000 0000 0000 0000 0000 0000 0000
0000 0000 0000 0000 0000 0000 0000 0000
0000 0000 0000 0000 0000 0000 0000 0000
0000 0000 0000 0000 0000 0000 0000 0000
0000 0000 0000 0000 0000 0000 0000 0000
0000 0000 0000 0000 0000 0000 0000 0000
0000 0000 0000 0000 0000 0000 0000 0000
0000 0000 0000 0000 0000 0000 0000 0000
0000 0000 0000 0000 0000 0000 0a00 0000
0000 0000 2400 0000 5072 6f6a 6563 7453
6574 7469 6e67 732f 4e65 7477 6f72 6b4d
616e 6167 6572 2e61 7373 6574 add6 7c59
0000 0000 0000 0000 0000 0000 0000 0000
0000 0000 0000 0000 0000 0000 0000 0000
0000 0000 0000 0000 0000 0000 0000 0000
0000 0000 0000 0000 0000 0000 0000 0000
0000 0000 0000 0000 0000 0000 0000 0000
0000 0000 0000 0000 0000 0000 0000 0000
0000 0000 0000 0000 0000 0000 0000 0000
0000 0000 0000 0000 0000 0000 0000 0000
0000 0000 0000 0000 0000 0000 0e00 0000
4e65 7477 6f72 6b4d 616e 6167 6572 0000
0000 0000 00
